[1.jpg]
filters=radblur=1,0.492476,0.523114,-0.555556,-0.953216;
moddate=00005f484dd30000
width=1920
height=1080
textactive=0
